1 15
1 30
1 34
1 43
1 48
1 74
1 93
1 95
1 111
1 120
1 134
1 144
1 154
1 194
1 212
1 220
1 222
1 259
1 261
1 264
1 301
1 308
1 312
1 335
1 347
1 362
1 368
1 385
1 390
1 422
1 438
1 444
1 477
1 488
1 492
1 499
1 516
1 549
1 553
1 554
1 574
1 579
1 591
1 592
1 606
1 647
1 670
1 678
1 690
1 705
1 720
1 723
1 743
1 756
1 763
1 784
1 802
1 809
1 810
1 813
1 823
1 824
1 828
1 833
1 841
1 856
1 878
1 885
1 897
1 905
1 920
1 934
1 962
1 972
1 980
1 990
1 996
1 1007
1 1036
1 1044
1 1045
1 1058
1 1072
1 1075
1 1085
1 1109
1 1124
1 1151
1 1159
1 1170
1 1187
1 1196
1 1205
1 1209
1 1223
1 1237
1 1242
1 1256
1 1268
1 1300
1 1317
1 1327
1 1329
1 1349
1 1352
1 1375
1 1402
1 1413
1 1445
1 1449
1 1476
1 1482
1 1489
1 1499
1 1515
1 1544
1 1587
1 1598
1 1627
1 1647
1 1659
1 1660
1 1673
1 1689
1 1703
1 1704
1 1706
1 1718
1 1741
1 1757
1 1759
1 1777
1 1796
1 1806
1 1808
1 1811
1 1831
1 1834
1 1839
1 1850
1 1854
1 1866
1 1892
1 1909
1 1931
1 1948
1 1952
1 1960
1 1971
1 1981
1 1989
1 2009
1 2011
1 2024
1 2037
1 2050
1 2067
1 2078
1 2090
1 2101
1 2111
1 2122
1 2126
1 2127
1 2162
1 2167
1 2176
1 2189
1 2193
1 2195
1 2220
1 2246
1 2270
1 2282
1 2294
1 2300
1 2310
1 2316
1 2333
1 2342
1 2362
1 2367
1 2416
1 2421
1 2427
1 2439
1 2451
1 2457
1 2461
1 2470
1 2489
1 2504
1 2505
1 2521
1 2528
1 2552
1 2581
1 2590
1 2592
1 2595
1 2605
1 2650
1 2654
1 2676
1 2685
1 2687
1 2698
1 2702
1 2716
1 2728
1 2746
1 2750
1 2767
1 2769
1 2775
1 2786
1 2787
1 2799
1 2803
1 2822
1 2830
1 2835
1 2844
1 2851
1 2857
1 2863
1 2884
1 2895
1 2909
1 2920
1 2931
1 2939
1 2948
1 2954
1 2961
1 2966
1 2977
1 2989
1 2996
1 2998
1 3009
1 3014
1 3023
1 3036
1 3059
1 3065
1 3087
1 3116
1 3119
1 3138
1 3140
1 3141
1 3158
1 3173
1 3190
1 3207
1 3222
1 3235
1 3242
1 3252
1 3280
1 3287
1 3316
1 3327
1 3332
1 3355
1 3361
1 3370
1 3383
1 3385
1 3390
1 3396
1 3480
1 3508
1 3515
1 3535
1 3546
1 3557
1 3561
1 3581
1 3587
1 3593
1 3619
1 3629
1 3648
1 3664
1 3670
1 3678
1 3688
1 3709
1 3719
1 3724
1 3729
1 3750
1 3766
1 3770
1 3794
1 3801
1 3818
1 3823
1 3824
1 3834
1 3839
1 3842
1 3847
1 3851
1 3858
1 3859
1 3868
1 3876
1 3900
1 3910
1 3911
1 3927
1 3934
1 3949
1 3965
1 3986
1 3996
1 4004
1 4011
1 4024
1 4030
1 4052
1 4075
1 4077
1 4081
1 4086
1 4107
1 4110
1 4114
1 4121
1 4139
1 4152
1 4155
1 4161
1 4164
1 4171
1 4198
1 4210
1 4213
1 4221
1 4224
1 4235
1 4241
1 4255
1 4266
1 4280
1 4282
1 4286
1 4289
1 4293
1 4310
1 4317
1 4327
1 4335
1 4342
1 4372
1 4400
1 4405
1 4414
1 4442
1 4449
1 4461
1 4481
1 4507
1 4514
1 4535
1 4538
1 4552
1 4563
1 4598
1 4610
1 4619
1 4622
1 4628
1 4636
1 4650
1 4667
1 4669
1 4685
1 4692
1 4702
1 4717
1 4735
1 4748
1 4751
1 4758
1 4762
1 4788
1 4797
1 4812
1 4816
1 4817
1 4820
1 4823
1 4841
1 4845
1 4855
1 4863
1 4867
1 4880
1 4887
1 4889
1 4894
1 4901
1 4905
1 4908
1 4920
1 4923
1 4948
1 4967
1 4988
1 5014
1 5015
1 5031
1 5044
1 5048
1 5076
1 5093
1 5102
1 5116
1 5140
1 5148
1 5153
1 5163
1 5174
1 5182
1 5195
1 5196
1 5203
1 5204
1 5210
1 5217
1 5230
1 5246
1 5248
1 5251
1 5263
1 5264
1 5273
1 5285
1 5296
1 5300
1 5314
1 5339
1 5355
1 5392
1 5398
1 5400
1 5404
1 5421
1 5430
1 5441
1 5450
1 5451
1 5459
1 5478
1 5487
1 5488
1 5492
1 5501
1 5504
1 5509
1 5531
1 5538
1 5543
1 5544
1 5548
1 5554
1 5561
1 5575
1 5594
1 5596
1 5600
1 5601
1 5603
1 5609
1 5635
1 5636
1 5640
1 5643
1 5644
1 5648
1 5666
1 5674
1 5675
1 5686
1 5689
1 5699
1 5704
1 5754
1 5767
1 5769
1 5777
1 5796
1 5805
1 5832
1 5838
1 5847
1 5850
1 5851
1 5866
1 5885
1 5891
1 5894
1 5907
1 5920
1 5938
1 5939
1 5953
1 5961
1 5985
1 5998
1 6026
1 6034
1 6037
1 6054
1 6070
1 6081
1 6099
1 6116
1 6128
1 6138
1 6148
1 6156
1 6167
1 6190
1 6196
1 6207
1 6221
1 6226
1 6233
1 6240
1 6247
1 6262
1 6280
1 6281
1 6285
1 6286
1 6305
1 6312
1 6334
1 6336
1 6341
1 6362
1 6371
1 6380
1 6381
1 6384
1 6395
1 6403
1 6408
1 6409
1 6428
1 6448
1 6473
1 6488
1 6502
1 6517
1 6537
1 6552
1 6557
1 6591
1 6604
1 6618
1 6637
1 6658
1 6671
1 6677
1 6684
1 6702
1 6703
1 6709
1 6722
1 6727
1 6739
1 6748
1 6768
1 6792
1 6794
1 6808
1 6835
1 6845
1 6863
1 6877
1 6887
1 6891
1 6910
1 6911
1 6919
1 6926
1 6937
1 6942
1 6969
1 6973
1 6985
1 6999
1 7001
1 7023
1 7045
1 7071
1 7080
1 7081
1 7087
1 7138
1 7150
1 7173
1 7207
1 7233
1 7241
1 7255
1 7271
1 7274
1 7300
1 7314
1 7326
1 7327
1 7355
1 7361
1 7398
1 7407
1 7409
1 7418
1 7427
1 7440
1 7444
1 7445
1 7449
1 7453
1 7458
1 7489
1 7507
1 7508
1 7535
1 7541
1 7583
1 7594
1 7619
1 7620
1 7625
1 7631
1 7651
1 7654
1 7686
1 7689
1 7702
1 7711
1 7720
1 7725
1 7727
1 7751
1 7752
1 7774
1 7789
1 7796
1 7812
1 7835
1 7850
1 7858
1 7870
1 7879
1 7887
1 7897
1 7912
1 7933
1 7938
1 7952
1 7957
1 7984
1 7995
1 8020
1 8021
1 8032
1 8038
1 8046
1 8062
1 8064
1 8086
1 8109
1 8117
1 8131
1 8133
1 8143
1 8153
1 8163
1 8171
1 8194
1 8207
1 8216
1 8253
1 8258
1 8259
1 8272
1 8273
1 8284
1 8310
1 8329
1 8346
1 8371
1 8372
1 8383
1 8387
1 8408
1 8425
1 8446
1 8480
1 8489
1 8509
1 8521
1 8540
1 8548
1 8549
1 8554
1 8580
1 8600
1 8604
1 8622
1 8628
1 8637
1 8653
1 8662
1 8692
1 8697
1 8704
1 8721
1 8727
1 8768
1 8777
1 8797
1 8800
1 8812
1 8830
1 8832
1 8840
1 8849
1 8854
1 8862
1 8870
1 8874
1 8879
1 8887
1 8889
1 8898
1 8906
1 8919
1 8925
1 8931
1 8943
1 8949
1 8966
1 8975
1 8983
1 8991
1 8995
1 9004
1 9007
1 9026
1 9060
1 9062
1 9068
1 9076
1 9086
1 9091
1 9097
1 9115
1 9120
1 9135
1 9140
1 9156
1 9163
1 9167
1 9173
1 9188
1 9202
1 9206
1 9218
1 9236
1 9246
1 9251
1 9253
1 9258
1 9263
1 9272
1 9275
1 9280
1 9289
1 9292
1 9298
1 9304
1 9307
1 9328
1 9341
1 9344
1 9350
1 9352
1 9362
1 9368
1 9383
1 9398
1 9402
1 9419
1 9424
1 9434
1 9443
1 9449
1 9467
1 9493
1 9497
1 9520
1 9524
1 9548
1 9558
1 9573
1 9581
1 9599
1 9608
1 9635
1 9642
1 9650
1 9667
1 9678
1 9682
1 9685
1 9700
1 9705
1 9717
1 9727
1 9731
1 9734
1 9739
1 9755
1 9771
1 9781
1 9783
1 9795
1 9798
1 9806
1 9814
1 9820
1 9829
1 9846
1 9848
1 9855
1 9859
1 9860
1 9882
1 9892
1 9910
1 9917
1 9931
1 9932
1 9957
1 10021
1 10071
1 10074
1 10081
1 10095
1 10111
1 10139
1 10146
1 10151
1 10172
1 10173
1 10192
1 10199
1 10223
1 10234
1 10237
1 10243
1 10266
1 10273
1 10304
1 10318
1 10335
1 10340
1 10347
1 10353
1 10367
1 10372
1 10384
1 10393
1 10395
1 10398
1 10408
1 10413
1 10418
1 10427
1 10429
1 10440
1 10441
1 10449
1 10473
1 10491
1 10497
1 10513
1 10520
1 10534
1 10535
1 10546
1 10561
1 10579
1 10585
1 10587
1 10601
1 10623
1 10632
1 10641
1 10656
1 10665
1 10674
1 10686
1 10692
1 10705
1 10710
1 10722
1 10726
1 10731
1 10733
1 10742
1 10760
1 10764
1 10786
1 10808
1 10812
1 10819
1 10835
1 10838
1 10851
1 10856
1 10858
1 10861
1 10872
1 10878
1 10884
1 10904
1 10924
1 10946
1 10956
1 10966
1 10978
1 10987
1 11012
1 11058
1 11066
1 11084
1 11107
1 11118
1 11123
1 11141
1 11156
1 11159
1 11171
1 11193
1 11201
1 11220
1 11223
1 11236
1 11262
1 11266
1 11267
1 11272
1 11285
1 11300
1 11315
1 11323
1 11329
1 11338
1 11365
1 11372
1 11375
1 11378
1 11387
1 11401
1 11406
1 11408
1 11418
1 11422
1 11430
1 11448
1 11460
1 11494
1 11501
1 11506
1 11511
1 11518
1 11521
1 11532
1 11539
1 11556
1 11566
1 11573
1 11575
1 11580
1 11586
1 11595
1 11598
1 11604
1 11614
1 11623
1 11626
1 11638
1 11642
1 11652
1 11662
1 11687
1 11699
1 11721
1 11729
1 11742
1 11767
1 11770
1 11774
1 11778
1 11788
1 11791
1 11795
1 11809
1 11825
1 11840
1 11847
1 11848
1 11863
1 11865
1 11879
1 11883
1 11890
1 11901
1 11934
1 11942
1 11946
1 11952
1 11955
1 11964
1 11968
1 11983
1 11993
1 12002
1 12011
1 12013
1 12030
1 12046
1 12047
1 12050
1 12065
1 12084
1 12091
1 12094
1 12118
1 12131
1 12135
1 12137
1 12155
1 12178
1 12180
1 12185
1 12209
1 12222
1 12227
1 12237
1 12239
1 12249
1 12257
1 12259
1 12272
1 12278
1 12291
1 12296
1 12304
1 12312
1 12316
1 12327
1 12332
1 12335
1 12341
1 12355
1 12366
1 12371
1 12398
1 12405
1 12407
1 12410
1 12418
1 12419
1 12444
1 12448
1 12454
1 12461
1 12465
1 12477
1 12489
1 12493
1 12499
1 12502
1 12511
1 12521
1 12522
1 12539
1 12548
1 12552
1 12554
1 12560
1 12566
1 12575
1 12579
1 12586
1 12593
1 12604
1 12605
1 12624
1 12629
1 12665
1 12675
1 12683
1 12690
1 12709
1 12714
1 12721
1 12725
1 12726
1 12742
1 12745
1 12754
1 12758
1 12759
1 12761
1 12762
1 12767
1 12785
1 12787
1 12804
1 12818
1 12833
1 12834
1 12835
1 12848
1 12867
1 12873
1 12894
1 12901
1 12918
1 12938
1 12939
1 12943
1 12950
1 12970
1 12975
1 12983
1 12994
1 13015
1 13017
1 13019
1 13035
1 13045
1 13054
1 13073
1 13076
1 13084
1 13090
1 13091
1 13094
1 13099
1 13106
1 13109
1 13130
1 13135
1 13145
1 13151
1 13161
1 13179
1 13194
1 13196
1 13197
1 13198
1 13200
1 13204
1 13226
1 13233
1 13272
1 13274
1 13303
1 13304
1 13324
1 13344
1 13345
1 13347
1 13354
1 13365
1 13368
1 13377
1 13391
1 13411
1 13430
1 13446
1 13449
1 13468
1 13475
1 13480
1 13487
1 13493
1 13507
1 13521
1 13528
1 13540
1 13555
1 13563
1 13567
1 13578
1 13593
1 13615
1 13645
1 13649
1 13663
1 13701
1 13714
1 13725
1 13740
1 13742
1 13762
1 13765
1 13776
1 13785
1 13799
1 13813
1 13820
1 13821
1 13825
1 13837
1 13849
1 13853
1 13865
1 13868
1 13878
1 13906
1 13911
1 13921
1 13933
1 13938
1 13963
1 13974
1 13980
1 13989
1 13995
1 14015
1 14027
1 14039
1 14044
1 14055
1 14086
1 14105
1 14110
1 14119
1 14136
1 14141
1 14150
1 14156
1 14174
1 14268
1 14292
1 14318
1 14340
1 14354
1 14371
1 14395
1 14403
1 14404
1 14407
1 14427
1 14429
1 14436
1 14460
1 14471
1 14473
1 14479
1 14484
1 14509
1 14531
1 14552
1 14562
1 14563
1 14587
1 14597
1 14602
1 14605
1 14616
1 14619
1 14634
1 14642
1 14655
1 14657
1 14662
1 14668
1 14673
1 14697
1 14699
1 14711
1 14719
1 14722
1 14729
1 14746
1 14755
1 14765
1 14766
1 14790
1 14792
1 14798
1 14804
1 14806
1 14809
1 14811
1 14820
1 14834
1 14842
1 14849
1 14850
1 14861
1 14884
1 14887
1 14898
1 14911
1 14923
1 14924
1 14927
1 14941
1 14954
1 14971
1 14975
1 14992
1 14994
1 15005
1 15006
1 15022
1 15023
1 15026
1 15034
1 15047
1 15085
1 15106
1 15112
1 15127
1 15130
1 15146
1 15147
1 15180
1 15186
1 15189
1 15192
1 15193
1 15197
1 15199
1 15202
1 15211
1 15213
1 15220
1 15231
1 15237
1 15243
1 15258
1 15269
1 15277
1 15285
1 15301
1 15307
1 15319
1 15323
1 15332
1 15336
1 15348
1 15353
1 15361
1 15371
1 15377
1 15393
1 15395
1 15402
1 15415
1 15417
1 15437
1 15443
1 15451
1 15456
1 15459
1 15475
1 15478
1 15494
1 15497
1 15512
1 15531
1 15539
1 15546
1 15561
1 15576
1 15580
1 15581
1 15585
1 15599
1 15602
1 15606
1 15615
1 15623
1 15638
1 15647
1 15655
1 15667
1 15677
1 15678
1 15707
1 15728
1 15735
1 15743
1 15748
1 15751
1 15754
1 15773
1 15780
1 15792
1 15794
1 15809
1 15826
1 15838
1 15840
1 15856
1 15869
1 15874
1 15884
1 15891
1 15896
1 15907
1 15908
1 15913
1 15915
1 15925
1 15930
1 15943
1 15947
1 15954
1 15967
1 15984
1 15998
1 16007
1 16009
1 16023
1 16053
1 16058
1 16072
1 16075
1 16081
1 16092
1 16093
1 16103
1 16128
1 16151
1 16161
1 16164
1 16169
1 16174
1 16177
1 16184
1 16199
1 16217
1 16224
1 16241
1 16246
1 16247
1 16249
1 16260
1 16272
1 16284
1 16296
1 16300
1 16301
1 16312
1 16314
1 16333
1 16337
1 16347
1 16353
1 16359
1 16362
1 16365
1 16376
1 16389
1 16397
1 16418
1 16423
1 16433
1 16441
1 16443
1 16465
1 16472
1 16480
1 16485
1 16488
1 16498
1 16509
1 16519
1 16536
1 16543
1 16559
1 16565
1 16569
1 16586
1 16596
1 16604
1 16624
1 16627
1 16638
1 16644
1 16645
1 16657
1 16672
1 16676
1 16682
1 16690
1 16693
1 16702
1 16704
1 16723
1 16736
1 16743
1 16746
1 16747
1 16749
1 16759
1 16769
1 16776
1 16777
1 16778
1 16792
1 16798
1 16802
1 16810
1 16814
1 16822
1 16828
1 16833
1 16835
1 16840
1 16849
1 16852
1 16893
1 16898
1 16904
1 16910
1 16920
1 16935
1 16943
1 16952
1 16953
1 16970
1 16986
1 16991
1 16995
1 17001
1 17004
1 17007
1 17015
1 17016
1 17021
1 17022
1 17027
1 17028
1 17030
1 17037
1 17038
1 17043
1 17047
1 17048
1 17056
1 17064
1 17067
1 17072
1 17074
1 17075
1 17084
1 17088
1 17097
1 17102
1 17105
1 17108
1 17120
1 17122
1 17131
1 17135
1 17136
1 17142
1 17144
1 17153
1 17154
1 17161
1 17165
1 17172
1 17173
1 17178
1 17179
1 17185
1 17195
1 17196
1 17210
1 17211
1 17213
1 17216
1 17228
1 17240
1 17249
1 17253
1 17255
1 17264
1 17269
1 17270
1 17278
1 17282
1 17297
1 17300
1 17305
1 17306
1 17310
1 17311
1 17314
1 17315
1 17320
1 17321
1 17325
1 17326
1 17329
1 17336
1 17338
1 17342
1 17347
1 17350
1 17352
1 17361
1 17364
1 17374
1 17378
1 17380
1 17385
1 17399
1 17404
1 17413
1 17418
1 17425
1 17433
1 17436
1 17447
1 17450
1 17454
1 17455
1 17461
1 17462
1 17465
1 17466
1 17469
1 17478
1 17487
1 17490
1 17495
1 17505
1 17511
1 17522
1 17525
1 17532
1 17536
1 17537
1 17541
1 17542
1 17547
1 17548
1 17551
1 17552
1 17554
1 17561
1 17572
1 17575
1 17585
1 17587
1 17590
1 17592
1 17593
1 17598
1 17600
1 17604
1 17611
1 17613
1 17615
1 17616
1 17629
1 17633
1 17651
1 17653
1 17661
1 17662
1 17666
1 17667
1 17674
1 17675
1 17683
1 17684
1 17692
1 17696
1 17702
1 17707
1 17709
1 17710
1 17713
1 17717
1 17721
1 17725
1 17728
1 17733
1 17735
1 17739
1 17740
1 17743
1 17744
1 17749
1 17752
1 17754
1 17758
1 17760
1 17762
1 17763
1 17768
1 17771
1 17774
1 17775
1 17777
1 17778
1 17782
1 17783
1 17789
1 17792
1 17797
1 17806
1 17808
1 17813
1 17814
1 17817
1 17827
1 17830
1 17832
1 17834
1 17836
1 17844
1 17850
1 17851
1 17856
1 17861
1 17862
1 17863
1 17866
1 17867
1 17869
1 17876
1 17877
1 17881
