
state={
	id=1028
	name="STATE_1028"
	manpower = 2120331
	
	state_category = rural
	#impassable = yes
	resources={
		aluminium=25
		chromium=0
		oil=18
		rubber=107
		steel=58
		tungsten=0
		coal=75
	}

	history={
		victory_points = { 14291 5}
		victory_points = { 14292 5}
		
		owner = TPE
		buildings = {
			infrastructure = 1
			
			arms_factory = 1
			industrial_complex = 0
			
			14268 = {
				naval_base = 1
			}
			
		}
		add_core_of = TPE
	}

	provinces={
		14179 14180 14181 14182 14183 14184 14185 14186 14187 14188 14189 14190 14191 14192 14193 14194 14195 14196 14197 14198 14199 14200 14201 14202 14203 14204 14205 14206 14207 14208 14209 14210 14211 14212 14213 14214 14215 14216 14217 14218 14219 14220 14221 14222 14223 14224 14225 14226 14227 14228 14229 14230 14231 14232 14233 14234 14235 14236 14237 14238 14239 14240 14241 14242 14243 14244 14245 14246 14247 14248 14249 14250 14251 14252 14253 14254 14255 14256 14257 14258 14259 14260 14261 14262 14263 14264 14265 14266 14267 14268 14269 14270 14271 14272 14273 14274 14275 14276 14277 14278 14279 14280 14281 14282 14283 14284 14285 14286 14287 14288 14289 14290 14291 14292 14293 14294 14295 14296 14297 14298 14299 14300 14301 14302 14303 14304 14305 14306 14307 14308 14309 14310 14311 14312 
	}
	local_supplies=0.0 
}
