
state={
	id=1147
	name="STATE_1147"
	manpower = 66706
	
	state_category = small_island
	#impassable = yes
	resources={
		aluminium=0
		chromium=20
		oil=0
		rubber=0
		steel=2
		tungsten=0
		coal=0
	}

	history={
		
		owner = NAG
		buildings = {
			infrastructure = 1
			air_base = 1
			arms_factory = 0
			industrial_complex = 0
			
			13849 = {
				naval_base = 1
			}
			
		}
		add_core_of = NAG
	}

	provinces={
		13830 13831 13832 13833 13834 13835 13836 13837 13838 13839 13840 13841 13842 13843 13844 13845 13846 13847 13848 13849 13850 13851 13852 13853 13854 13855 13856 13857 13858 13859 13860 13861 13862 13863 13864 13865 13866 13867 13868 13869 13870 13871 13872 13873 13874 13875 13876 13877 13878 13879 13880 13881 13882 13883 13884 13885 13886 13887 13888 13889 13890 13891 13892 13893 13894 13895 13896 13897 13898 13899 13900 13901 13902 13903 13904 13905 13906 13907 13908 13909 13910 13911 13912 13913 13914 13915 13916 13917 13918 13919 13920 13921 13922 13923 13924 13925 13926 13927 13928 13929 13930 13931 13932 13933 13934 13935 13936 13937 13938 13939 13940 13941 13942 13943 13944 13945 13946 13947 13948 13949 13950 13951 13952 13953 13954 13955 13956 13957 13958 13959 
	}
	local_supplies=0.0 
}
