
state={
	id=1150
	name="STATE_1150"
	manpower = 50141
	
	state_category = small_island
	#impassable = yes
	resources={
		aluminium=0
		chromium=0
		oil=0
		rubber=0
		steel=49
		tungsten=0
		coal=0
	}

	history={
		
		owner = SEM
		buildings = {
			infrastructure = 1
			air_base = 2
			arms_factory = 0
			industrial_complex = 0
			
			14140 = {
				naval_base = 1
			}
			
		}
		add_core_of = SEM
	}

	provinces={
		14087 14088 14089 14090 14091 14092 14093 14094 14095 14096 14097 14098 14099 14100 14101 14102 14103 14104 14105 14106 14107 14108 14109 14110 14111 14112 14113 14114 14115 14116 14117 14118 14119 14120 14121 14122 14123 14124 14125 14126 14127 14128 14129 14130 14131 14132 14133 14134 14135 14136 14137 14138 14139 14140 14141 14142 14143 14144 14145 14146 14147 14148 14149 14150 14151 14152 14153 14154 14155 14156 14157 14158 14159 14160 14161 14162 14163 14164 14165 14166 14167 14168 14169 14170 14171 14172 14173 14174 14175 14176 14177 14178 14179 14180 14181 14182 14183 14184 14185 14186 14187 14188 14189 14190 14191 14192 14193 14194 14195 14196 14197 14198 14199 14200 14201 
	}
	local_supplies=0.0 
}
